每幅图像的标定误差：
第1幅图像的平均误差：0.0835804像素
第2幅图像的平均误差：0.0677485像素
第3幅图像的平均误差：0.064188像素
第4幅图像的平均误差：0.0640879像素
第5幅图像的平均误差：0.0855897像素
第6幅图像的平均误差：0.0855897像素
第7幅图像的平均误差：0.0928961像素
第8幅图像的平均误差：0.0942681像素
第9幅图像的平均误差：0.0843089像素
第10幅图像的平均误差：0.0648563像素
第11幅图像的平均误差：0.0667469像素
第12幅图像的平均误差：0.0873053像素
第13幅图像的平均误差：0.0706179像素
第14幅图像的平均误差：0.0605786像素
总体平均误差：0.0765973像素

相机内参数矩阵：
[435.9080937730282, 0, 351.6375315760616;
  0, 437.7438951599384, 213.458400133584;
  0, 0, 1]

畸变系数：
[0.1054266116708433, -0.3663680185104488, -0.008911744014441423, -0.001117917453830515, 0.2887710105878846]


第1幅图像的旋转向量：
[-61.49858579682909;
  61.44488194776079;
  236.1549168011129]
第1幅图像的旋转矩阵：
[0.9521059732488032, -0.2987245193166071, 0.06525241193252084;
  0.292645693825266, 0.9521006625739868, 0.08867257869095678;
  -0.08861553808152388, -0.06532985447126989, 0.9939211721888637]
第1幅图像的平移向量：
[2.249666919914696;
  -2.067744983407252;
  -0.391959718963856]

第2幅图像的旋转向量：
[11.50627867980215;
  69.55375492918412;
  220.1668296452606]
第2幅图像的旋转矩阵：
[0.2700427793011362, 0.9284252823539442, -0.255153664354085;
  -0.9065091073337918, 0.3344700030126691, 0.2576258050071792;
  0.3245275576406568, 0.1617291321027363, 0.9319471831391981]
第2幅图像的平移向量：
[2.147807743124029;
  -1.908284947375204;
  -0.2927006682881566]

第3幅图像的旋转向量：
[-26.02683188831605;
  66.60304642013081;
  280.7215725288585]
第3幅图像的旋转矩阵：
[0.7920223946441285, -0.5980530214865952, 0.1226095831203035;
  0.5893908467530448, 0.8014132286689819, 0.1017608307655115;
  -0.1591193141825005, -0.008331890848562874, 0.9872242012070907]
第3幅图像的平移向量：
[2.059140553310297;
  -1.961141954442166;
  -0.2852954815291238]

第4幅图像的旋转向量：
[6.096516800393343;
  54.88748655203705;
  186.5386792583019]
第4幅图像的旋转矩阵：
[0.9720694568383307, 0.2253947624842675, -0.06540773751394823;
  -0.2249003770282194, 0.9742674986655555, 0.01492184494379094;
  0.06708793851802038, 0.0002051551179131032, 0.9977470453059633]
第4幅图像的平移向量：
[2.218336552909988;
  -1.938743594903659;
  -0.2552658750717538]

第5幅图像的旋转向量：
[26.095186863665;
  47.44361377754109;
  188.2958645853857]
第5幅图像的旋转矩阵：
[0.4210043859283896, -0.8573154047773038, 0.2962526012722712;
  0.895337000564259, 0.4451114650617328, 0.01573019679450238;
  -0.1453511694127555, 0.2586234335904725, 0.9549800820688454]
第5幅图像的平移向量：
[2.269571671591693;
  -1.89601490684321;
  -0.6361544617844002]

第6幅图像的旋转向量：
[26.095186863665;
  47.44361377754109;
  188.2958645853857]
第6幅图像的旋转矩阵：
[0.4210043859284151, -0.8573154047772934, 0.2962526012722652;
  0.895337000564247, 0.4451114650617572, 0.01573019679449791;
  -0.145351169412756, 0.2586234335904649, 0.9549800820688474]
第6幅图像的平移向量：
[2.269571671591693;
  -1.89601490684321;
  -0.6361544617843992]

第7幅图像的旋转向量：
[-10.1056968959848;
  80.42465066315927;
  205.0251090906821]
第7幅图像的旋转矩阵：
[0.8501280758645101, -0.4926792311725774, 0.1858747691272371;
  0.4876565759200322, 0.8697985356363444, 0.0751103945324534;
  -0.1986789334299325, 0.02678959828121616, 0.9796984223908272]
第7幅图像的平移向量：
[2.09521563766023;
  -1.937151907954966;
  -0.5276103614862613]

第8幅图像的旋转向量：
[-23.01380627090479;
  42.52868058686709;
  189.1761186825268]
第8幅图像的旋转矩阵：
[0.8886224500764728, -0.4501849057170599, 0.08765667050834403;
  0.4443859072010124, 0.8924115958540421, 0.07824774160558892;
  -0.1134517813928881, -0.0305793108124385, 0.9930728065197518]
第8幅图像的平移向量：
[2.230995503072915;
  -1.81160375831938;
  -0.4652407546002971]

第9幅图像的旋转向量：
[-42.590848438442;
  67.45982256212847;
  232.0732130600629]
第9幅图像的旋转矩阵：
[0.938140816707069, -0.3353696203718142, 0.08613376666475718;
  0.3292838249243625, 0.9410393375955921, 0.07757014722708139;
  -0.1070699335545484, -0.04440926512918793, 0.9932592040848703]
第9幅图像的平移向量：
[2.151626176202407;
  -1.927730556174669;
  -0.1331379636574442]

第10幅图像的旋转向量：
[-8.457671860075687;
  63.78564114240651;
  244.9879981689507]
第10幅图像的旋转矩阵：
[-0.3865557911139048, -0.9030562294811744, 0.1872540166499713;
  0.8797127155897462, -0.3000779452235629, 0.3688614439327031;
  -0.2769118242076663, 0.3073152667630572, 0.91042691547885]
第10幅图像的平移向量：
[2.182931878054687;
  -2.018023297377272;
  -0.1669579627104849]

第11幅图像的旋转向量：
[-76.4622691499782;
  41.43539386361859;
  322.2866632802775]
第11幅图像的旋转矩阵：
[0.7088069215636949, -0.7050728723754185, 0.02156368669024646;
  0.6875975552438916, 0.697417989324685, 0.2020340322543138;
  -0.1574876184530761, -0.1283759822030217, 0.9791410813704979]
第11幅图像的平移向量：
[2.036568359091593;
  -2.006785094752313;
  -0.4063650369641532]

第12幅图像的旋转向量：
[-53.73773760068075;
  31.61119832059158;
  248.8828820903586]
第12幅图像的旋转矩阵：
[0.5298555394057757, 0.8226881600235062, -0.2060031522044071;
  -0.8480652264204155, 0.5157495781538708, -0.1216048698473607;
  0.006203152223167516, 0.2391371238248923, 0.9709659916347504]
第12幅图像的平移向量：
[2.320088606658282;
  -2.016171737602217;
  -0.584082649407733]

第13幅图像的旋转向量：
[-19.64888936032155;
  27.20043537553102;
  281.7761505239621]
第13幅图像的旋转矩阵：
[0.5224961707241598, -0.8512397042375375, 0.04887450775383233;
  0.8448705165701886, 0.5246042133863066, 0.1048056750741915;
  -0.1148545245474124, -0.01346793328333158, 0.993291021284328]
第13幅图像的平移向量：
[2.252089686777106;
  -1.988544628204545;
  -0.663063728213388]

第14幅图像的旋转向量：
[-45.20800627808876;
  47.05797655852778;
  298.1000329112814]
第14幅图像的旋转矩阵：
[-0.869404526485289, 0.3584380061855892, -0.3400852320354264;
  -0.4457689209415711, -0.8659010776952278, 0.2269479957365347;
  -0.2131333818280883, 0.3489090416827032, 0.9125988396785192]
第14幅图像的平移向量：
[2.127363289367762;
  -2.089567367170797;
  -0.5302470146103271]


